222222222222222222234444444444444444444444444444444444322222221111111111111111111222222222334444443233
222222222222222222233444444444444444444334444444444443222222221111111111111111111122222223334444433333
233222222222222222223344444444444444444333444444444333222222211111111111111111111112222223344444444444
444322222222222322222234344444444444444322333234444432222222211111111111111111111222222222444444444444
444432222222222222222233344444443444444322232223334432222222111111111111111111111222222223444444444444
444443222222222222222222343334443323443222222222233322222221111111111111111111111212222224444444444444
444444322232223332222223333233444322222222222222223222222221111111111111111111112112222234444444444444
444444444333333222222222222223444222222222222333222222222221111111111111111111112111222244444444444444
444444444444433222222222222334333222222222223333222222222221111111111111111111111111222244444444444444
444444444444432222222222222344322222222222222332222222222222111111111111111111111222222234444444444444
444444444444322222222222222234222222222222223332223322222222211111111111111111111222222234444444444444
444444444444332222222222222223222222222223223222233322222222211111111222221111112222222223344444444444
444444444444433222222222222222222222232234433222344433322222222111122222222221122222222222223444444444
444444444444443333222222222222232244444444444333444444332222222222222222222222222222222222222344444444
444444444444444333222222222222234444444444444444444444432222222222222222222222222222222222222223344444
444444444444444432222222222223444444444444444444444444443222222222222222222222222222222222222222333444
444444444444444432222222222224444444444444444444444444444322222222222222222222222222222222222222333444
444444444444444433222222223344444444444444444444444444444422222222222224443222222222222222222222322344
444444444444444333222222224444444444455555444544555444444432223443333344444222222222222222222222222233
444444444444333233322222234444445555555555555555555544444444334444444444443222222222222222222222222222
444444444444322222222222224444555555555555555555555555444444444444444444443222222222222222222222222222
444444444432222222222222234444555555555555555555555555544444444444444444444222222222222222222222222222
444444444432222222222222234444455555555555555555555555544444444444444444444322222222222222222222222222
444444444322222222222222244444555555555555555555555555444444444444444444443322222222222222222222222222
554444444422222222222222234444555555555555555555555554444444444444444444433223222222222222222222222222
444444444442222222222222234444555555555555555555555554444444444444444444443333323233222222222222222222
444444444443222222222222244444555555555555555555555544444444444444444444444444444444332222222222222222
444444444443222222222222244444555555555555555445554444444444444444444444444444444444433222222222222222
444444444444322222222222344444555555555555554444444444444444444444444444444444444444433222222222222222
444454444444444433222222334444555555555555554444444444444444444444444444444444444443332222222222222222
445555444444444443222222344444555555555555554444444444444444444444444444444444444432222222222222223222
445554444444444444322222444444555555555554444444444444444443444444444444444444444433332222222222222222
455554444444444444322223444444445555555444444444444444444433344444444444444444434433433222222222222222
455544444444444432222223444444444455554444444444444444444433344444444444444333333433332222233323332332
444444444444444432222223444444444445454444444444444444444433444444444444444322222333333323343324444433
444444444444444433222222344444444444444444444444444444444432344444444444444332222222223444443333444433
444444444444444333222222222234444444444444444444443434444322223444444444444433222223323344443233333322
444444444444444332222222222224444444444444444444442223443222222344444444444443322344423334444332222222
444444444444444332222222222222444444444444444444432222332222222344444444444444323444443234434322222222
444444444444444432222222222222333344333333444444422222322222223444444444444444323344444434433322222222
444444444444444432222222222222222323332223334444222222222222334444444444444443323344444444443322222222
443344344443344422222222222222222222222222233323222222232222334444444333344443322444444444443322222222
342223333322223332222222222222222222222222222222222222332222333433332222223443222444444444443222232222
332222222222222222222222222222222222222222222222222222222222233322222222223332222444444444432222333322
333222222222222222222222222222222222233222222222222222222222223322222222222222222344444443322222323322
222222222222222222222222222222222222343222222222222222222222223332222222222222222344444442222222222222
222222222222222222222232222222222233343322222222222222222222222222222222222222222244444432222222222222
222222222222222222222243222222222333234443332222222222222222222222222211222222222244444432222222222222
222222222222222222222233222222224433344444432222222222222222222222222111112222222244444432222222222222
222222222222222222222222222222234433444444443222222212222222222222222111112222222244444443222222222222
222222222222222222222222222222223222344444443222222222222222222222222211111222222244444444322222222222
111111111122222222222223443233222222234334432222222222222222222222211111111222222344444444332222222222
111111111111222222222223433222222222233333322222222222222222222222111111122222222344444444443223322222
111111111111122222222223322222222222234333322222222222222222222222211111122222222334444444444444433333
111111111111122222222222222222222222223333322222222222222222222222222222222222222234444444444444444344
111111111111122222222222222222222222233333322222222222222222222222222222222222222344444444444444444444
111111111111222222222222222222222222223333222222222222222222222222222222222222222344444444444444433344
111111111111222222222222222222222222223332222222222222222222222222222222222222222344444443333444323234
111111111111222222222222222222222222222222222222222222222222222222222222222222222344444332232333323233
111111111111222222222222222222222222222222222222222222222222222222222222222222344444443332333334332333
111111111111122222222222222222222222222222222222222222222222222222222222222222444444444443334334422334
111111111111122222222222222222222222222222222222222222222222222332223332222222444444444443343334433344
111111111111122222222222222222222222222222222222222222222222223332333332222222444444344443332233444444
111111111111122222222234322222222222222222222222222222223333344443444432222223344444433333222234444444
111111111111122222222233434433222222222222222222222222223334334444444442222233344444443343222234444444
111111111111112222222222344444322222222222222222222222222344433334444433332233344444444443222233444444
111111111111112222222333344444443222222222222222222222223444443344444432333223444444444444322344444444
111111111111122222223344344444444332222222222222222222223444444444444434444323444444444444222334444444
111111111111222222224444444444444443332222322222222233333444444444444444444323334444444443222233444444
111111111112222222244444444444444444433222222222222244444444444444444444444323344444432232222223344444
111111111122222222344444444444444444433222223332222344444444444444444444444323334443222222222222332334
111111111122222222344444444444444444432222223332223444444444444444444444444434444432222222222222222234
111111111122222222234444444554444444432222223333223444443344444444444444444444444322222222222222223234
111111111122222222224444444444444444432222223342323344443344444444444444444444443222222222222222344444
111111111222222222224444444444444444422222222333333444433344444444444444444444332222222222222222334444
111111111222222223444444454444444444322222222222223433333344344444444444444443222222222222222222233444
111111112222222223444444444444444444322222222222223434334433344344444444444433222222222222332222223444
111111112222223333444444454444444444422222222222223344323322222234333344444433222222232332322222333444
221111112222233333444444555444444444422222222222223344222222222223222234444434322222333332322222234444
222111122222223334444444445444444444422222222222222333322222222222222234444433322222234444332222234444
222211222222223444444444544444444444322222222222222222222222222222222233444443222222234444433223344444
222122112222222444444444444444444343222222222222222222222222222222222234344432222222233444444333444444
222222112222222334444444444444444322222222222222222222222222222222222334444432222222333444444444444444
222222111222222223444444444444444222222221211222222222222222222222222344444443222223444444444444444444
222222112222222223444444444444444222222222221222222222222222222222222233333332222223444444444444444444
222222222222222223444444444444442222222222222112222222222222222222222223333322222223444444444444444445
222222222222222223444444444333322222222222222112222222222222222222222222332222222222344444444444444455
222222222222222223444443433222222222222222222122222222222222222222222222232222222222244444444444444555
222222222222222222333322222222222222222222222222222222222211211122222222222222222222244344444444444455
222222222222222222223222222222222222222222222222222222222211111122222222222222222222333444444444444555
222222222222222222222222222222222222222222222222222222221121111112222222222332222234444444444444444555
222222222222222222222222222222222222222222222222222222221122211112222222223333222344444444444414445555
222222222222222222222222222222222222222222222222222222221222211112222222334444443444444444444444445555
222222222222222222222222222222222222222222222222222222222222111122222222444444444444444444444444445555
222222222222222222222222222222222222222222222222222222222222211222223344444444444444444455544444445555
222222222222222222222222222222222222222222222222222222222222222222223344444444444444444455555544445555
322222222222222222222212222222222111122222222222222222222222222222222344444444444444444555555554555555
332222222222222222222222222222221111122222222222222222222222222222222224444444445444444455555555555555
432222222222222222222222222222211111222222222222222222222222222222222224444444444444444444445555555555
443222222222222222222222222211111112222222222222222222222222222222222223444444444444444444444455555555
443222222222222222222222221211111112222222222222222222222222222222222334444444445444444444444555555555
443222222222222222222222222221111122222222222222222222222222222222223444444444455544444444444444555555
